BEGIN REGION_OF_INTEREST
  BEGIN BOUNDARY
    BEGIN POLYGON
      BEGIN VERTICES
      11 1980
      11 1960
      11 1940
      11 1920
      11 1900
      11 1880
      11 1860
      11 1840
      11 1820
      11 1800
      11 1780
      11 1760
      11 1740
      11 1720
      11 1700
      11 1680
      11 1660
      11 1640
      11 1620
      11 1600
      11 1580
      11 1560
      11 1540
      11 1520
      11 1500
      11 1480
      11 1460
      11 1440
      11 1420
      11 1400
      11 1380
      11 1360
      11 1340
      11 1320
      11 1300
      11 1280
      11 1260
      11 1240
      11 1220
      11 1200
      11 1180
      11 1160
      11 1140
      11 1120
      11 1100
      11 1080
      11 1060
      11 1040
      132 1040
      131 1060
      129 1080
      127 1100
      125 1120
      122 1140
      119 1160
      116 1180
      113 1200
      109 1220
      106 1240
      102 1260
      99 1280
      95 1300
      92 1320
      90 1340
      87 1360
      85 1380
      83 1400
      82 1420
      81 1440
      82 1460
      82 1480
      84 1500
      86 1520
      89 1540
      93 1560
      97 1580
      101 1600
      107 1620
      112 1640
      118 1660
      124 1680
      130 1700
      137 1720
      144 1740
      151 1760
      158 1780
      165 1800
      173 1820
      180 1840
      187 1860
      194 1880
      202 1900
      208 1920
      215 1940
      222 1960
      228 1980
      END VERTICES
    END POLYGON
  END BOUNDARY
END REGION_OF_INTEREST
